,timestamp,latitude,longitude,altitude,heading_angle,ground_speed,icao24,origin,destination,airliner,vertical_rate,aircraft_model,flight_number,flight_date,flight_time
92,1618886062,28.5,129.67,36000,234,445,888000000.0,NRT,SGN,HVN301,0,A359,VN301,2021-04-20,09:34:22
148,1618886120,28.43,129.56,36000,229,451,888000000.0,NRT,SGN,HVN301,0,A359,VN301,2021-04-20,09:35:20
12,1618886188,28.33,129.44,36000,229,453,888000000.0,NRT,SGN,HVN301,0,A359,VN301,2021-04-20,09:36:28
127,1618886247,28.25,129.33,36000,229,453,888000000.0,NRT,SGN,HVN301,0,A359,VN301,2021-04-20,09:37:27
82,1618886308,28.17,129.23,36000,229,452,888000000.0,NRT,SGN,HVN301,0,A359,VN301,2021-04-20,09:38:28
42,1618886365,28.09,129.12,36025,229,452,888000000.0,NRT,SGN,HVN301,0,A359,VN301,2021-04-20,09:39:25
172,1618886431,28.0,129.01,36000,229,454,888000000.0,NRT,SGN,HVN301,0,A359,VN301,2021-04-20,09:40:31
103,1618886483,27.93,128.91,36000,229,454,888000000.0,NRT,SGN,HVN301,0,A359,VN301,2021-04-20,09:41:23
208,1618886541,27.85,128.81,36000,228,454,888000000.0,NRT,SGN,HVN301,0,A359,VN301,2021-04-20,09:42:21
13,1618886599,27.77,128.71,36000,228,455,888000000.0,NRT,SGN,HVN301,0,A359,VN301,2021-04-20,09:43:19
16,1618886659,27.69,128.6,36000,228,454,888000000.0,NRT,SGN,HVN301,0,A359,VN301,2021-04-20,09:44:19
21,1618886721,27.6,128.49,36000,228,452,888000000.0,NRT,SGN,HVN301,0,A359,VN301,2021-04-20,09:45:21
170,1618886783,27.51,128.38,36000,228,453,888000000.0,NRT,SGN,HVN301,0,A359,VN301,2021-04-20,09:46:23
84,1618886843,27.43,128.27,36000,228,455,888000000.0,NRT,SGN,HVN301,0,A359,VN301,2021-04-20,09:47:23
128,1618886904,27.35,128.16,36000,228,457,888000000.0,NRT,SGN,HVN301,0,A359,VN301,2021-04-20,09:48:24
215,1618886958,27.27,128.07,36000,228,454,888000000.0,NRT,SGN,HVN301,0,A359,VN301,2021-04-20,09:49:18
217,1618887016,27.19,127.97,36000,228,454,888000000.0,NRT,SGN,HVN301,0,A359,VN301,2021-04-20,09:50:16
57,1618887071,27.11,127.87,36000,228,444,888000000.0,NRT,SGN,HVN301,0,A359,VN301,2021-04-20,09:51:11
177,1618887131,27.03,127.76,36000,228,442,888000000.0,NRT,SGN,HVN301,0,A359,VN301,2021-04-20,09:52:11
213,1618887196,26.94,127.65,36000,228,442,888000000.0,NRT,SGN,HVN301,0,A359,VN301,2021-04-20,09:53:16
4,1618887258,26.86,127.55,36000,228,447,888000000.0,NRT,SGN,HVN301,0,A359,VN301,2021-04-20,09:54:18
146,1618887312,26.78,127.45,36000,228,449,888000000.0,NRT,SGN,HVN301,0,A359,VN301,2021-04-20,09:55:12
11,1618887380,26.69,127.34,36000,228,450,888000000.0,NRT,SGN,HVN301,0,A359,VN301,2021-04-20,09:56:20
98,1618887439,26.61,127.23,36000,228,449,888000000.0,NRT,SGN,HVN301,0,A359,VN301,2021-04-20,09:57:19
33,1618887500,26.52,127.13,36000,228,450,888000000.0,NRT,SGN,HVN301,0,A359,VN301,2021-04-20,09:58:20
39,1618887564,26.43,127.02,36000,228,455,888000000.0,NRT,SGN,HVN301,0,A359,VN301,2021-04-20,09:59:24
149,1618887617,26.36,126.92,36000,228,460,888000000.0,NRT,SGN,HVN301,0,A359,VN301,2021-04-20,10:00:17
44,1618887679,26.27,126.82,36000,227,460,888000000.0,NRT,SGN,HVN301,0,A359,VN301,2021-04-20,10:01:19
162,1618887740,26.18,126.71,36000,227,460,888000000.0,NRT,SGN,HVN301,0,A359,VN301,2021-04-20,10:02:20
167,1618887794,26.1,126.61,36000,227,460,888000000.0,NRT,SGN,HVN301,0,A359,VN301,2021-04-20,10:03:14
226,1618887856,26.02,126.51,36000,227,460,888000000.0,NRT,SGN,HVN301,0,A359,VN301,2021-04-20,10:04:16
145,1618887916,25.93,126.4,36000,227,462,888000000.0,NRT,SGN,HVN301,0,A359,VN301,2021-04-20,10:05:16
75,1618887974,25.85,126.3,36000,227,464,888000000.0,NRT,SGN,HVN301,0,A359,VN301,2021-04-20,10:06:14
59,1618888031,25.76,126.2,36000,227,465,888000000.0,NRT,SGN,HVN301,0,A359,VN301,2021-04-20,10:07:11
227,1618888093,25.67,126.09,36000,227,468,888000000.0,NRT,SGN,HVN301,0,A359,VN301,2021-04-20,10:08:13
199,1618888153,25.58,125.98,36000,227,468,888000000.0,NRT,SGN,HVN301,0,A359,VN301,2021-04-20,10:09:13
157,1618888223,25.48,125.86,36000,227,467,888000000.0,NRT,SGN,HVN301,0,A359,VN301,2021-04-20,10:10:23
24,1618888274,25.41,125.77,36000,227,469,888000000.0,NRT,SGN,HVN301,0,A359,VN301,2021-04-20,10:11:14
34,1618888336,25.32,125.66,36000,227,471,888000000.0,NRT,SGN,HVN301,0,A359,VN301,2021-04-20,10:12:16
38,1618888385,25.24,125.57,36000,227,470,888000000.0,NRT,SGN,HVN301,0,A359,VN301,2021-04-20,10:13:05
140,1618888456,25.14,125.44,36000,228,468,888000000.0,NRT,SGN,HVN301,0,A359,VN301,2021-04-20,10:14:16
196,1618888518,25.05,125.33,36000,228,470,888000000.0,NRT,SGN,HVN301,0,A359,VN301,2021-04-20,10:15:18
138,1618888575,24.97,125.23,36000,228,472,888000000.0,NRT,SGN,HVN301,0,A359,VN301,2021-04-20,10:16:15
135,1618888642,24.87,125.11,36000,227,474,888000000.0,NRT,SGN,HVN301,0,A359,VN301,2021-04-20,10:17:22
97,1618888697,24.79,125.01,36000,227,475,888000000.0,NRT,SGN,HVN301,0,A359,VN301,2021-04-20,10:18:17
132,1618888760,24.7,124.9,36000,227,473,888000000.0,NRT,SGN,HVN301,0,A359,VN301,2021-04-20,10:19:20
223,1618888819,24.61,124.79,36000,227,475,888000000.0,NRT,SGN,HVN301,0,A359,VN301,2021-04-20,10:20:19
73,1618888880,24.52,124.68,36000,227,477,888000000.0,NRT,SGN,HVN301,0,A359,VN301,2021-04-20,10:21:20
206,1618888935,24.44,124.59,36000,227,477,888000000.0,NRT,SGN,HVN301,0,A359,VN301,2021-04-20,10:22:15
187,1618888992,24.35,124.48,36000,227,479,888000000.0,NRT,SGN,HVN301,0,A359,VN301,2021-04-20,10:23:12
168,1618889048,24.27,124.38,36000,227,476,888000000.0,NRT,SGN,HVN301,0,A359,VN301,2021-04-20,10:24:08
144,1618889110,24.18,124.27,36000,227,477,888000000.0,NRT,SGN,HVN301,0,A359,VN301,2021-04-20,10:25:10
77,1618889165,24.1,124.17,36000,227,478,888000000.0,NRT,SGN,HVN301,0,A359,VN301,2021-04-20,10:26:05
28,1618889230,24.0,124.06,36000,227,479,888000000.0,NRT,SGN,HVN301,0,A359,VN301,2021-04-20,10:27:10
2,1618889296,23.91,123.93,36000,236,477,888000000.0,NRT,SGN,HVN301,0,A359,VN301,2021-04-20,10:28:16
143,1618889351,23.84,123.82,36000,235,479,888000000.0,NRT,SGN,HVN301,0,A359,VN301,2021-04-20,10:29:11
198,1618889415,23.76,123.7,36000,235,478,888000000.0,NRT,SGN,HVN301,0,A359,VN301,2021-04-20,10:30:15
14,1618889472,23.69,123.58,36000,235,478,888000000.0,NRT,SGN,HVN301,0,A359,VN301,2021-04-20,10:31:12
219,1618889533,23.61,123.46,36000,235,480,888000000.0,NRT,SGN,HVN301,0,A359,VN301,2021-04-20,10:32:13
93,1618889599,23.53,123.33,36000,235,481,888000000.0,NRT,SGN,HVN301,-64,A359,VN301,2021-04-20,10:33:19
50,1618889658,23.46,123.21,36000,235,481,888000000.0,NRT,SGN,HVN301,0,A359,VN301,2021-04-20,10:34:18
31,1618889723,23.37,123.08,36000,235,481,888000000.0,NRT,SGN,HVN301,0,A359,VN301,2021-04-20,10:35:23
49,1618889779,23.3,122.97,36000,231,480,888000000.0,NRT,SGN,HVN301,0,A359,VN301,2021-04-20,10:36:19
102,1618889839,23.22,122.86,36000,232,481,888000000.0,NRT,SGN,HVN301,0,A359,VN301,2021-04-20,10:37:19
30,1618889900,23.13,122.74,36000,231,484,888000000.0,NRT,SGN,HVN301,0,A359,VN301,2021-04-20,10:38:20
166,1618889963,23.05,122.62,36000,231,488,888000000.0,NRT,SGN,HVN301,0,A359,VN301,2021-04-20,10:39:23
110,1618890019,22.97,122.51,36000,231,487,888000000.0,NRT,SGN,HVN301,0,A359,VN301,2021-04-20,10:40:19
47,1618890078,22.89,122.4,36000,231,487,888000000.0,NRT,SGN,HVN301,0,A359,VN301,2021-04-20,10:41:18
116,1618890131,22.81,122.3,36000,231,486,888000000.0,NRT,SGN,HVN301,0,A359,VN301,2021-04-20,10:42:11
158,1618890191,22.73,122.18,36000,231,487,888000000.0,NRT,SGN,HVN301,0,A359,VN301,2021-04-20,10:43:11
119,1618890248,22.65,122.07,36000,231,489,888000000.0,NRT,SGN,HVN301,0,A359,VN301,2021-04-20,10:44:08
147,1618890312,22.56,121.95,36000,231,490,888000000.0,NRT,SGN,HVN301,0,A359,VN301,2021-04-20,10:45:12
207,1618890364,22.48,121.85,36000,231,488,888000000.0,NRT,SGN,HVN301,0,A359,VN301,2021-04-20,10:46:04
195,1618890431,22.39,121.72,36000,231,487,888000000.0,NRT,SGN,HVN301,0,A359,VN301,2021-04-20,10:47:11
121,1618890492,22.3,121.61,36000,231,488,888000000.0,NRT,SGN,HVN301,0,A359,VN301,2021-04-20,10:48:12
122,1618890547,22.23,121.5,36000,231,486,888000000.0,NRT,SGN,HVN301,0,A359,VN301,2021-04-20,10:49:07
74,1618890607,22.14,121.39,36000,231,489,888000000.0,NRT,SGN,HVN301,0,A359,VN301,2021-04-20,10:50:07
1,1618890664,22.06,121.28,36000,231,492,888000000.0,NRT,SGN,HVN301,0,A359,VN301,2021-04-20,10:51:04
53,1618890723,21.98,121.17,36000,231,493,888000000.0,NRT,SGN,HVN301,0,A359,VN301,2021-04-20,10:52:03
191,1618890788,21.88,121.04,36000,231,495,888000000.0,NRT,SGN,HVN301,0,A359,VN301,2021-04-20,10:53:08
55,1618890852,21.79,120.92,36000,231,493,888000000.0,NRT,SGN,HVN301,0,A359,VN301,2021-04-20,10:54:12
190,1618890911,21.71,120.81,36000,231,492,888000000.0,NRT,SGN,HVN301,0,A359,VN301,2021-04-20,10:55:11
161,1618890976,21.61,120.68,36025,231,495,888000000.0,NRT,SGN,HVN301,0,A359,VN301,2021-04-20,10:56:16
117,1618891036,21.52,120.57,36000,230,495,888000000.0,NRT,SGN,HVN301,0,A359,VN301,2021-04-20,10:57:16
23,1618891096,21.44,120.46,36000,230,495,888000000.0,NRT,SGN,HVN301,0,A359,VN301,2021-04-20,10:58:16
79,1618891155,21.35,120.34,36000,231,498,888000000.0,NRT,SGN,HVN301,0,A359,VN301,2021-04-20,10:59:15
113,1618891212,21.27,120.23,36000,230,497,888000000.0,NRT,SGN,HVN301,0,A359,VN301,2021-04-20,11:00:12
224,1618891275,21.18,120.11,36000,230,496,888000000.0,NRT,SGN,HVN301,0,A359,VN301,2021-04-20,11:01:15
96,1618891339,21.08,119.99,36000,230,495,888000000.0,NRT,SGN,HVN301,0,A359,VN301,2021-04-20,11:02:19
183,1618891404,20.99,119.87,36000,227,498,888000000.0,NRT,SGN,HVN301,0,A359,VN301,2021-04-20,11:03:24
173,1618891458,20.9,119.77,36000,225,497,888000000.0,NRT,SGN,HVN301,0,A359,VN301,2021-04-20,11:04:18
171,1618891514,20.81,119.68,36000,225,498,888000000.0,NRT,SGN,HVN301,0,A359,VN301,2021-04-20,11:05:14
229,1618891574,20.71,119.57,36000,225,500,888000000.0,NRT,SGN,HVN301,0,A359,VN301,2021-04-20,11:06:14
151,1618891626,20.63,119.48,36000,225,502,888000000.0,NRT,SGN,HVN301,0,A359,VN301,2021-04-20,11:07:06
164,1618891690,20.52,119.37,36000,225,501,888000000.0,NRT,SGN,HVN301,0,A359,VN301,2021-04-20,11:08:10
160,1618891742,20.44,119.28,36000,225,501,888000000.0,NRT,SGN,HVN301,0,A359,VN301,2021-04-20,11:09:02
133,1618891812,20.32,119.15,36000,225,500,888000000.0,NRT,SGN,HVN301,0,A359,VN301,2021-04-20,11:10:12
136,1618891864,20.24,119.06,36000,225,502,888000000.0,NRT,SGN,HVN301,0,A359,VN301,2021-04-20,11:11:04
124,1618891928,20.13,118.95,36000,225,502,888000000.0,NRT,SGN,HVN301,0,A359,VN301,2021-04-20,11:12:08
114,1618891973,20.06,118.87,36000,225,504,888000000.0,NRT,SGN,HVN301,0,A359,VN301,2021-04-20,11:12:53
17,1618892020,19.98,118.79,36000,225,505,888000000.0,NRT,SGN,HVN301,0,A359,VN301,2021-04-20,11:13:40
22,1618892096,19.85,118.66,36000,225,504,888000000.0,NRT,SGN,HVN301,0,A359,VN301,2021-04-20,11:14:56
65,1618892156,19.75,118.55,36000,225,506,888000000.0,NRT,SGN,HVN301,0,A359,VN301,2021-04-20,11:15:56
91,1618892216,19.65,118.45,36000,225,506,888000000.0,NRT,SGN,HVN301,0,A359,VN301,2021-04-20,11:16:56
85,1618892283,19.54,118.33,36000,224,505,888000000.0,NRT,SGN,HVN301,0,A359,VN301,2021-04-20,11:18:03
15,1618892340,19.45,118.23,36000,224,507,888000000.0,NRT,SGN,HVN301,0,A359,VN301,2021-04-20,11:19:00
221,1618892392,19.36,118.14,36000,224,509,888000000.0,NRT,SGN,HVN301,0,A359,VN301,2021-04-20,11:19:52
152,1618892453,19.26,118.03,36000,224,508,888000000.0,NRT,SGN,HVN301,-64,A359,VN301,2021-04-20,11:20:53
197,1618892518,19.15,117.92,36000,224,509,888000000.0,NRT,SGN,HVN301,0,A359,VN301,2021-04-20,11:21:58
125,1618892563,19.08,117.84,36000,224,509,888000000.0,NRT,SGN,HVN301,0,A359,VN301,2021-04-20,11:22:43
175,1618892641,18.96,117.71,36000,235,509,888000000.0,NRT,SGN,HVN301,0,A359,VN301,2021-04-20,11:24:01
67,1618892692,18.86,117.61,36000,224,510,888000000.0,NRT,SGN,HVN301,0,A359,VN301,2021-04-20,11:24:52
134,1618892746,18.77,117.52,36000,224,508,888000000.0,NRT,SGN,HVN301,0,A359,VN301,2021-04-20,11:25:46
5,1618892821,18.67,117.4,36000,235,508,888000000.0,NRT,SGN,HVN301,0,A359,VN301,2021-04-20,11:27:01
194,1618892881,18.61,117.29,36000,235,508,888000000.0,NRT,SGN,HVN301,0,A359,VN301,2021-04-20,11:28:01
204,1618892939,18.44,117.18,36000,224,512,888000000.0,NRT,SGN,HVN301,0,A359,VN301,2021-04-20,11:28:59
100,1618892997,18.34,117.08,36000,224,511,888000000.0,NRT,SGN,HVN301,0,A359,VN301,2021-04-20,11:29:57
216,1618893057,18.25,116.98,36000,224,511,888000000.0,NRT,SGN,HVN301,0,A359,VN301,2021-04-20,11:30:57
37,1618893121,18.15,116.87,36000,235,512,888000000.0,NRT,SGN,HVN301,0,A359,VN301,2021-04-20,11:32:01
76,1618893181,18.08,116.77,36000,235,512,888000000.0,NRT,SGN,HVN301,0,A359,VN301,2021-04-20,11:33:01
211,1618893241,18.01,116.67,36000,235,513,888000000.0,NRT,SGN,HVN301,0,A359,VN301,2021-04-20,11:34:01
60,1618893313,17.91,116.55,36000,235,512,888000000.0,NRT,SGN,HVN301,0,A359,VN301,2021-04-20,11:35:13
153,1618893373,17.84,116.45,36000,235,512,888000000.0,NRT,SGN,HVN301,0,A359,VN301,2021-04-20,11:36:13
62,1618893433,17.77,116.35,36000,235,512,888000000.0,NRT,SGN,HVN301,0,A359,VN301,2021-04-20,11:37:13
225,1618893493,17.69,116.23,36000,235,512,888000000.0,NRT,SGN,HVN301,0,A359,VN301,2021-04-20,11:38:13
25,1618893553,17.61,116.11,36000,235,512,888000000.0,NRT,SGN,HVN301,0,A359,VN301,2021-04-20,11:39:13
72,1618893613,17.53,115.99,36000,235,512,888000000.0,NRT,SGN,HVN301,0,A359,VN301,2021-04-20,11:40:13
106,1618893673,17.45,115.87,36000,235,512,888000000.0,NRT,SGN,HVN301,0,A359,VN301,2021-04-20,11:41:13
163,1618893733,17.37,115.74,36000,235,512,888000000.0,NRT,SGN,HVN301,0,A359,VN301,2021-04-20,11:42:13
112,1618893793,17.29,115.62,36000,235,512,888000000.0,NRT,SGN,HVN301,0,A359,VN301,2021-04-20,11:43:13
58,1618893853,17.21,115.5,36000,235,512,888000000.0,NRT,SGN,HVN301,0,A359,VN301,2021-04-20,11:44:13
26,1618893901,17.14,115.4,36000,235,512,888000000.0,NRT,SGN,HVN301,0,A359,VN301,2021-04-20,11:45:01
64,1618893973,17.04,115.26,36000,235,512,888000000.0,NRT,SGN,HVN301,0,A359,VN301,2021-04-20,11:46:13
101,1618894033,16.96,115.13,36000,235,512,888000000.0,NRT,SGN,HVN301,0,A359,VN301,2021-04-20,11:47:13
45,1618894093,16.88,115.01,36000,235,512,888000000.0,NRT,SGN,HVN301,0,A359,VN301,2021-04-20,11:48:13
169,1618894141,16.81,114.92,36000,235,512,888000000.0,NRT,SGN,HVN301,0,A359,VN301,2021-04-20,11:49:01
205,1618894213,16.72,114.77,36000,235,512,888000000.0,NRT,SGN,HVN301,0,A359,VN301,2021-04-20,11:50:13
80,1618894273,16.63,114.65,36000,235,512,888000000.0,NRT,SGN,HVN301,0,A359,VN301,2021-04-20,11:51:13
193,1618894333,16.55,114.53,36000,235,512,888000000.0,NRT,SGN,HVN301,0,A359,VN301,2021-04-20,11:52:13
189,1618894393,16.47,114.41,36000,235,512,888000000.0,NRT,SGN,HVN301,0,A359,VN301,2021-04-20,11:53:13
218,1618894453,16.39,114.28,36000,235,512,888000000.0,NRT,SGN,HVN301,0,A359,VN301,2021-04-20,11:54:13
188,1618894513,16.31,114.16,36000,235,512,888000000.0,NRT,SGN,HVN301,0,A359,VN301,2021-04-20,11:55:13
154,1618894573,16.22,114.04,36000,234,512,888000000.0,NRT,SGN,HVN301,0,A359,VN301,2021-04-20,11:56:13
46,1618894645,16.12,113.9,36000,234,512,888000000.0,NRT,SGN,HVN301,0,A359,VN301,2021-04-20,11:57:25
35,1618894693,16.06,113.8,36000,234,512,888000000.0,NRT,SGN,HVN301,0,A359,VN301,2021-04-20,11:58:13
105,1618894753,15.97,113.68,36000,234,512,888000000.0,NRT,SGN,HVN301,0,A359,VN301,2021-04-20,11:59:13
156,1618894813,15.89,113.56,36000,234,512,888000000.0,NRT,SGN,HVN301,0,A359,VN301,2021-04-20,12:00:13
184,1618894885,15.79,113.42,36000,234,512,888000000.0,NRT,SGN,HVN301,0,A359,VN301,2021-04-20,12:01:25
70,1618894933,15.72,113.33,36000,234,512,888000000.0,NRT,SGN,HVN301,0,A359,VN301,2021-04-20,12:02:13
176,1618895005,15.62,113.18,36000,234,512,888000000.0,NRT,SGN,HVN301,0,A359,VN301,2021-04-20,12:03:25
94,1618895065,15.54,113.06,36000,234,512,888000000.0,NRT,SGN,HVN301,0,A359,VN301,2021-04-20,12:04:25
19,1618895113,15.47,112.97,36000,234,512,888000000.0,NRT,SGN,HVN301,0,A359,VN301,2021-04-20,12:05:13
107,1618895185,15.37,112.82,36000,234,512,888000000.0,NRT,SGN,HVN301,0,A359,VN301,2021-04-20,12:06:25
81,1618895245,15.29,112.7,36000,234,512,888000000.0,NRT,SGN,HVN301,0,A359,VN301,2021-04-20,12:07:25
10,1618895305,15.21,112.59,36000,234,512,888000000.0,NRT,SGN,HVN301,0,A359,VN301,2021-04-20,12:08:25
89,1618895365,15.12,112.47,36000,234,512,888000000.0,NRT,SGN,HVN301,0,A359,VN301,2021-04-20,12:09:25
9,1618895427,14.07,113.11,36000,220,510,888000000.0,NRT,SGN,HVN301,0,A359,VN301,2021-04-20,12:10:27
78,1618895477,13.99,113.04,36000,220,509,888000000.0,NRT,SGN,HVN301,0,A359,VN301,2021-04-20,12:11:17
61,1618895537,13.9,112.96,36000,220,509,888000000.0,NRT,SGN,HVN301,0,A359,VN301,2021-04-20,12:12:17
203,1618895602,13.84,112.76,36000,242,515,888000000.0,NRT,SGN,HVN301,0,A359,VN301,2021-04-20,12:13:22
130,1618895661,13.77,112.64,36000,242,515,888000000.0,NRT,SGN,HVN301,0,A359,VN301,2021-04-20,12:14:21
52,1618895733,13.71,112.51,36000,242,515,888000000.0,NRT,SGN,HVN301,0,A359,VN301,2021-04-20,12:15:33
180,1618895793,13.65,112.4,36000,242,515,888000000.0,NRT,SGN,HVN301,0,A359,VN301,2021-04-20,12:16:33
182,1618895845,13.57,112.24,35800,242,519,888000000.0,NRT,SGN,HVN301,-448,A359,VN301,2021-04-20,12:17:25
165,1618895905,13.51,112.13,35800,242,519,888000000.0,NRT,SGN,HVN301,-448,A359,VN301,2021-04-20,12:18:25
99,1618895977,13.44,112.0,35800,242,519,888000000.0,NRT,SGN,HVN301,-448,A359,VN301,2021-04-20,12:19:37
142,1618896033,13.36,111.83,34250,242,521,888000000.0,NRT,SGN,HVN301,-512,A359,VN301,2021-04-20,12:20:33
201,1618896093,13.3,111.72,34250,242,521,888000000.0,NRT,SGN,HVN301,-512,A359,VN301,2021-04-20,12:21:33
192,1618896153,13.24,111.61,34250,242,521,888000000.0,NRT,SGN,HVN301,-512,A359,VN301,2021-04-20,12:22:33
159,1618896198,13.16,111.45,34000,242,526,888000000.0,NRT,SGN,HVN301,0,A359,VN301,2021-04-20,12:23:18
104,1618896265,13.09,111.31,34000,242,523,888000000.0,NRT,SGN,HVN301,0,A359,VN301,2021-04-20,12:24:25
228,1618896328,13.02,111.17,34000,242,523,888000000.0,NRT,SGN,HVN301,0,A359,VN301,2021-04-20,12:25:28
155,1618896391,12.95,111.03,34000,242,519,888000000.0,NRT,SGN,HVN301,0,A359,VN301,2021-04-20,12:26:31
212,1618896428,12.9,110.95,34000,242,520,888000000.0,NRT,SGN,HVN301,0,A359,VN301,2021-04-20,12:27:08
27,1618896507,12.82,110.78,34000,242,516,888000000.0,NRT,SGN,HVN301,0,A359,VN301,2021-04-20,12:28:27
18,1618896569,12.75,110.66,34000,241,514,888000000.0,NRT,SGN,HVN301,0,A359,VN301,2021-04-20,12:29:29
126,1618896626,12.68,110.52,34000,241,517,888000000.0,NRT,SGN,HVN301,0,A359,VN301,2021-04-20,12:30:26
129,1618896672,12.63,110.42,34000,241,517,888000000.0,NRT,SGN,HVN301,0,A359,VN301,2021-04-20,12:31:12
86,1618896741,12.55,110.27,34000,241,519,888000000.0,NRT,SGN,HVN301,0,A359,VN301,2021-04-20,12:32:21
3,1618896803,12.48,110.14,34000,241,517,888000000.0,NRT,SGN,HVN301,0,A359,VN301,2021-04-20,12:33:23
137,1618896862,12.41,110.01,34000,241,515,888000000.0,NRT,SGN,HVN301,-64,A359,VN301,2021-04-20,12:34:22
181,1618896921,12.35,109.89,34000,241,518,888000000.0,NRT,SGN,HVN301,0,A359,VN301,2021-04-20,12:35:21
95,1618896987,12.27,109.74,34000,241,519,888000000.0,NRT,SGN,HVN301,0,A359,VN301,2021-04-20,12:36:27
88,1618897046,12.2,109.62,34000,241,516,888000000.0,NRT,SGN,HVN301,0,A359,VN301,2021-04-20,12:37:26
48,1618897101,12.15,109.51,34000,241,515,888000000.0,NRT,SGN,HVN301,0,A359,VN301,2021-04-20,12:38:21
131,1618897161,12.08,109.38,34000,241,519,888000000.0,NRT,SGN,HVN301,0,A359,VN301,2021-04-20,12:39:21
209,1618897221,12.02,109.27,34000,246,519,888000000.0,NRT,SGN,HVN301,0,A359,VN301,2021-04-20,12:40:21
6,1618897268,11.95,109.14,33125,241,515,888000000.0,NRT,SGN,HVN301,-704,A359,VN301,2021-04-20,12:41:08
8,1618897345,11.88,108.99,32800,246,515,888000000.0,NRT,SGN,HVN301,0,A359,VN301,2021-04-20,12:42:25
66,1618897400,11.8,108.86,31625,241,515,888000000.0,NRT,SGN,HVN301,-704,A359,VN301,2021-04-20,12:43:20
185,1618897454,11.74,108.74,30300,241,495,888000000.0,NRT,SGN,HVN301,-2688,A359,VN301,2021-04-20,12:44:14
118,1618897510,11.68,108.63,28375,235,472,888000000.0,NRT,SGN,HVN301,-2240,A359,VN301,2021-04-20,12:45:10
123,1618897570,11.6,108.53,26150,234,459,888000000.0,NRT,SGN,HVN301,-1408,A359,VN301,2021-04-20,12:46:10
20,1618897633,11.54,108.43,25575,248,449,888000000.0,NRT,SGN,HVN301,0,A359,VN301,2021-04-20,12:47:13
214,1618897695,11.44,108.32,23275,229,431,888000000.0,NRT,SGN,HVN301,-1408,A359,VN301,2021-04-20,12:48:15
220,1618897758,11.36,108.23,21800,235,427,888000000.0,NRT,SGN,HVN301,-1472,A359,VN301,2021-04-20,12:49:18
109,1618897813,11.32,108.13,20825,248,419,888000000.0,NRT,SGN,HVN301,-960,A359,VN301,2021-04-20,12:50:13
71,1618897874,11.27,108.01,19800,248,413,888000000.0,NRT,SGN,HVN301,-960,A359,VN301,2021-04-20,12:51:14
63,1618897938,11.23,107.9,18725,248,407,888000000.0,NRT,SGN,HVN301,-960,A359,VN301,2021-04-20,12:52:18
40,1618898002,11.19,107.79,17675,248,399,888000000.0,NRT,SGN,HVN301,-1024,A359,VN301,2021-04-20,12:53:22
111,1618898062,11.15,107.68,16700,248,374,888000000.0,NRT,SGN,HVN301,-704,A359,VN301,2021-04-20,12:54:22
150,1618898121,11.11,107.6,16400,248,359,888000000.0,NRT,SGN,HVN301,-1280,A359,VN301,2021-04-20,12:55:21
115,1618898178,11.07,107.5,12475,248,377,888000000.0,NRT,SGN,HVN301,-2496,A359,VN301,2021-04-20,12:56:18
90,1618898244,11.03,107.4,11200,248,337,888000000.0,NRT,SGN,HVN301,-640,A359,VN301,2021-04-20,12:57:24
32,1618898299,11.0,107.32,10675,248,299,888000000.0,NRT,SGN,HVN301,-448,A359,VN301,2021-04-20,12:58:19
178,1618898360,10.97,107.25,10225,233,262,888000000.0,NRT,SGN,HVN301,-640,A359,VN301,2021-04-20,12:59:20
174,1618898418,10.91,107.24,9175,171,262,888000000.0,NRT,SGN,HVN301,-896,A359,VN301,2021-04-20,13:00:18
186,1618898476,10.84,107.24,8225,191,256,888000000.0,NRT,SGN,HVN301,-832,A359,VN301,2021-04-20,13:01:16
200,1618898528,10.78,107.22,7525,223,251,888000000.0,NRT,SGN,HVN301,-768,A359,VN301,2021-04-20,13:02:08
51,1618898591,10.78,107.15,6650,289,244,888000000.0,NRT,SGN,HVN301,-768,A359,VN301,2021-04-20,13:03:11
179,1618898652,10.81,107.09,5825,288,235,888000000.0,NRT,SGN,HVN301,-576,A359,VN301,2021-04-20,13:04:12
83,1618898721,10.83,107.02,5400,290,200,888000000.0,NRT,SGN,HVN301,-448,A359,VN301,2021-04-20,13:05:21
222,1618898779,10.85,106.97,4650,289,192,888000000.0,NRT,SGN,HVN301,-896,A359,VN301,2021-04-20,13:06:19
69,1618898844,10.87,106.92,3875,289,183,888000000.0,NRT,SGN,HVN301,-896,A359,VN301,2021-04-20,13:07:24
41,1618898909,10.88,106.86,3025,279,186,888000000.0,NRT,SGN,HVN301,-448,A359,VN301,2021-04-20,13:08:29
7,1618898966,10.88,106.81,2550,257,186,888000000.0,NRT,SGN,HVN301,-512,A359,VN301,2021-04-20,13:09:26
120,1618899029,10.86,106.77,2125,249,153,888000000.0,NRT,SGN,HVN301,-128,A359,VN301,2021-04-20,13:10:29
108,1618899092,10.85,106.73,1400,249,135,888000000.0,NRT,SGN,HVN301,-448,A359,VN301,2021-04-20,13:11:32
43,1618899148,10.84,106.69,800,249,131,888000000.0,NRT,SGN,HVN301,-512,A359,VN301,2021-04-20,13:12:28
56,1618899203,10.82,106.66,175,249,132,888000000.0,NRT,SGN,HVN301,-320,A359,VN301,2021-04-20,13:13:23
29,1618899260,10.82,106.64,0,247,39,888000000.0,NRT,SGN,HVN301,0,A359,VN301,2021-04-20,13:14:20
36,1618899308,10.81,106.64,0,188,14,888000000.0,NRT,SGN,HVN301,0,A359,VN301,2021-04-20,13:15:08
141,1618899350,10.81,106.64,0,188,2,888000000.0,NRT,SGN,HVN301,0,A359,VN301,2021-04-20,13:15:50
87,1618899436,10.81,106.64,0,151,15,888000000.0,NRT,SGN,HVN301,0,A359,VN301,2021-04-20,13:17:16
210,1618899497,10.81,106.64,0,70,19,888000000.0,NRT,SGN,HVN301,0,A359,VN301,2021-04-20,13:18:17
202,1618899549,10.81,106.65,0,70,26,888000000.0,NRT,SGN,HVN301,0,A359,VN301,2021-04-20,13:19:09
54,1618899612,10.82,106.65,0,70,26,888000000.0,NRT,SGN,HVN301,0,A359,VN301,2021-04-20,13:20:12
68,1618899668,10.82,106.66,0,70,17,888000000.0,NRT,SGN,HVN301,0,A359,VN301,2021-04-20,13:21:08
139,1618899727,10.82,106.66,0,157,2,888000000.0,NRT,SGN,HVN301,0,A359,VN301,2021-04-20,13:22:07
0,1618899746,10.82,106.66,0,157,1,888000000.0,NRT,SGN,HVN301,0,A359,VN301,2021-04-20,13:22:26
